1	0.038803556992724336
2	0.0759493670886076
3	0.06353135313531354
4	0.07711546477699041
5	0.13058129738837404
6	0.14133673903788846
7	0.12736660929432014
8	0.11570247933884298
9	0.09146877748460862
10	0.10626945309026234
11	0.12994604316546762
12	0.1305138699408822
13	0.13707451701931922
14	0.15495579339227547
15	0.134180790960452
16	0.1391138637446403
17	0.13211186113789777
18	0.19472913616398244
19	0.13784584980237155
20	0.1360680340170085
21	0.13576494427558258
22	0.06054386865059005
23	0.15124740124740124
24	0.12585571353343866
25	0.1200640341515475
26	0.1671173607355327
27	0.0625
28	0.10172317954419122
29	0.2068771138669673
30	0.1429388221841052
31	0.1751740139211137
32	0.21954090641553856
33	0.2007168458781362
34	0.12734990903577925
35	0.24630541871921183
36	0.2564102564102564
37	0.22935196950444728
38	0.1459005810200129
39	0.16272965879265092
40	0.13008672448298866
41	0.23473541383989144
42	0.1621808143547274
43	0.20435393258426968
44	0.1887062187276626
45	0.14046579330422126
46	0.21942179392142327
47	0.14425981873111782
48	0.1993841416474211
49	0.09733124018838304
