1	0.039207760711398545
2	0.1657819518170682
3	0.18234323432343233
4	0.3051271363067945
5	0.3062342038753159
6	0.31545338441890164
7	0.3399311531841652
8	0.38321009134406264
9	0.3992963940193492
10	0.4130724766562917
11	0.3732014388489209
12	0.41291496134606637
13	0.4047838086476541
14	0.3848301535597953
15	0.4067796610169492
16	0.4287756074321105
17	0.4411764705882353
18	0.4548560273304051
19	0.45948616600790515
20	0.448224112056028
21	0.4194528875379939
22	0.46126218573627503
23	0.4391891891891892
24	0.45129015271195366
25	0.43223052294557096
26	0.45754461871281776
27	0.49725877192982454
28	0.47192884936075596
29	0.507891770011274
30	0.48770726129216696
31	0.4593967517401392
32	0.4961742201294879
33	0.5256869772998806
34	0.5124317768344451
35	0.5178571428571429
36	0.4965603502188868
37	0.5095298602287166
38	0.5177533892834086
39	0.5065616797900262
40	0.5290193462308206
41	0.519674355495251
42	0.49827467218771565
43	0.5084269662921348
44	0.5325232308791994
45	0.5211062590975255
46	0.5396590066716086
47	0.5324773413897281
48	0.5350269438029254
49	0.5235478806907379
