1	0.03597413096200485
2	0.05104124132298898
3	0.14026402640264027
4	0.22134222592746977
5	0.32603201347935973
6	0.4678586632609621
7	0.5283993115318416
8	0.5502392344497608
9	0.5848724714160071
10	0.604268563806136
11	0.6178057553956835
12	0.6462028194633924
13	0.6458141674333027
14	0.6849697533736622
15	0.6939736346516008
16	0.6955693187232015
17	0.6986499517839923
18	0.7076622742801366
19	0.6926877470355731
20	0.7088544272136068
21	0.7249240121580547
22	0.7403796818881477
23	0.7286902286902287
24	0.7540810953133228
25	0.7502668089647813
26	0.7701460248783126
27	0.7708333333333334
28	0.7720956086714842
29	0.7666290868094702
30	0.7672955974842768
31	0.7708816705336426
32	0.7763390229546793
33	0.7694145758661888
34	0.7768344451182535
35	0.7844827586206896
36	0.7754846779237023
37	0.7789072426937739
38	0.7798579728857328
39	0.7821522309711286
40	0.7885256837891927
41	0.7801899592944369
42	0.777087646652864
43	0.7844101123595506
44	0.7784131522516083
45	0.7816593886462883
46	0.793180133432172
47	0.7847432024169184
48	0.7913779830638953
49	0.8037676609105181
