N	4	8	16	32	48	64	96	128
1	0,13459983831851252	0,17865804365400162	0,2130153597413096	0,23160873080032338	0,23160873080032338	0,23160873080032338	0,23160873080032338	0,23160873080032338
2	0,12984891792568395	0,10289914250714577	0,09595753368721928	0,09105757452021233	0,0828909759085341	0,07676602694977541	0,07676602694977541	0,07676602694977541
3	0,18523102310231024	0,20668316831683167	0,23844884488448845	0,21163366336633663	0,18894389438943895	0,17202970297029702	0,1481023102310231	0,1481023102310231
4	0,1917465610671113	0,22259274697790746	0,3614005835764902	0,362234264276782	0,35556481867444767	0,35014589412255104	0,3326385994164235	0,3192997082117549
5	0,21609098567818028	0,2657961246840775	0,43850042122999155	0,4679865206402696	0,4743049705139006	0,4751474304970514	0,4658803706823926	0,4119629317607414
6	0,22435078756917837	0,29289059174116644	0,48148148148148145	0,534269902085994	0,5461898680289485	0,547041294167731	0,5317156236696466	0,5363984674329502
7	0,229776247848537	0,2964716006884682	0,5163511187607573	0,6041308089500861	0,5890705679862306	0,5598106712564543	0,5262478485370051	0,5258175559380379
8	0,22705524140930838	0,3179643323183993	0,5545889517181383	0,6307090039147455	0,6167899086559374	0,6046107003044802	0,542844715093519	0,5154414963027403
9	0,23043095866314864	0,32673702726473175	0,5611257695690414	0,6547933157431838	0,637203166226913	0,6015831134564644	0,5505716798592788	0,4788918205804749
10	0,23610493552690084	0,3361493997332148	0,593597154290796	0,6545131169408626	0,6558470431302801	0,6224988883948421	0,5211204979991108	0,470431302801245
11	0,2383093525179856	0,3579136690647482	0,5980215827338129	0,6843525179856115	0,6762589928057554	0,6452338129496403	0,5822841726618705	0,4932553956834532
12	0,23647112323783537	0,36289222373806274	0,6075488858572078	0,6862210095497954	0,6889495225102319	0,6507503410641201	0,572987721691678	0,49113233287858116
13	0,24149034038638453	0,37534498620055196	0,6218951241950322	0,7111315547378105	0,703771849126035	0,6738730450781969	0,5689972401103955	0,46826126954921804
14	0,2415076779897627	0,3992554676593765	0,6342484876686831	0,7305723592368544	0,7231270358306189	0,6956724057701257	0,5993485342019544	0,4993020009306654
15	0,24623352165725046	0,3926553672316384	0,6534839924670434	0,7292843691148776	0,7245762711864406	0,698210922787194	0,564030131826742	0,4571563088512241
16	0,24106717484516435	0,4016198189614102	0,6493568365888518	0,7284421152929966	0,7165316817532158	0,6917579799904716	0,5855169128156265	0,4564078132444021
17	0,24686595949855353	0,4006750241080039	0,6509161041465766	0,73625843780135	0,7391513982642237	0,718900675024108	0,5949855351976856	0,4450337512054002
18	0,24841386041971694	0,40800390434358225	0,6466569058077111	0,7403611517813568	0,7452415812591509	0,7359687652513421	0,6271351878965349	0,4895070766227428
19	0,25148221343873517	0,4076086956521739	0,6600790513833992	0,7366600790513834	0,7455533596837944	0,7371541501976284	0,6427865612648221	0,5316205533596838
20	0,25212606303151575	0,4047023511755878	0,6643321660830416	0,7478739369684843	0,7583791895947974	0,743871935967984	0,6498249124562281	0,5242621310655328
21	0,24417426545086118	0,40628166160081053	0,662613981762918	0,7416413373860182	0,7512664640324215	0,7416413373860182	0,6550151975683891	0,5420466058763931
22	0,2478193945613135	0,4125192406362237	0,6700872242175474	0,7439712673165726	0,7614161108260646	0,7567983581323756	0,6685479733196511	0,5561826577732171
23	0,25467775467775466	0,41528066528066526	0,6756756756756757	0,7432432432432432	0,7655925155925156	0,7546777546777547	0,6678794178794178	0,5608108108108109
24	0,258030542390732	0,41495523959978936	0,6740389678778305	0,7525013164823592	0,7756714060031595	0,7619799894681412	0,6951026856240127	0,583464981569247
25	0,2502668089647812	0,4220917822838847	0,6867662753468516	0,756136606189968	0,7769477054429029	0,7678762006403416	0,7097118463180363	0,5965848452508005
26	0,24932395889670092	0,4186046511627907	0,685235262303948	0,7614926987560844	0,7777176852352623	0,777176852352623	0,7128177393185505	0,6106003244997296
27	0,24835526315789475	0,4232456140350877	0,6864035087719298	0,7615131578947368	0,7735745614035088	0,7691885964912281	0,7165570175438597	0,6200657894736842
28	0,24847137298499167	0,42745969983324067	0,6848249027237354	0,7687604224569206	0,7837687604224569	0,7865480822679266	0,7198443579766537	0,622568093385214
29	0,2570462232243517	0,42728297632469	0,6753100338218715	0,7773393461104848	0,7874859075535513	0,7869222096956031	0,7344983089064262	0,6381059751972943
30	0,2550028587764437	0,4265294453973699	0,6832475700400229	0,7764436821040595	0,7964551172098342	0,7953116066323613	0,7398513436249285	0,6455117209834191
31	0,2517401392111369	0,4309744779582367	0,6954756380510441	0,7691415313225058	0,7877030162412993	0,79292343387471	0,740139211136891	0,6450116009280742
32	0,25250147145379637	0,43437316068275456	0,6957033549146556	0,7757504414361389	0,7886992348440259	0,79635079458505	0,736904061212478	0,6397881106533255
33	0,24970131421744324	0,4295101553166069	0,6989247311827957	0,7729988052568698	0,7891278375149343	0,7927120669056152	0,7532855436081243	0,6660692951015532
34	0,25166767738023044	0,42813826561552454	0,6937537901758641	0,7756215888417223	0,7962401455427531	0,8065494238932687	0,7610673135233474	0,6664645239539114
35	0,25	0,4291871921182266	0,6927339901477833	0,7721674876847291	0,7961822660098522	0,8004926108374384	0,7604679802955665	0,666256157635468
36	0,2582864290181363	0,4333958724202627	0,6966854283927455	0,7823639774859287	0,8036272670419012	0,8030018761726079	0,766729205753596	0,6860537836147592
37	0,2560355781448539	0,4256670902160102	0,693138500635324	0,7744599745870394	0,7979669631512071	0,8062261753494282	0,7712833545108005	0,6975857687420585
38	0,25952227243382825	0,4280180761781795	0,6927049709489993	0,7734021949644933	0,7998708844415752	0,8127824402840542	0,7734021949644933	0,7062621045836023
39	0,2578740157480315	0,421259842519685	0,6948818897637795	0,7801837270341208	0,8051181102362205	0,8123359580052494	0,7755905511811023	0,7093175853018373
40	0,2561707805203469	0,4229486324216144	0,7024683122081388	0,7865243495663776	0,8032021347565044	0,8105403602401601	0,7798532354903269	0,7111407605070047
41	0,25848032564450474	0,4233378561736771	0,7062415196743554	0,7944369063772049	0,8066485753052918	0,8093622795115333	0,7917232021709634	0,7191316146540027
42	0,2532781228433402	0,4244306418219462	0,714975845410628	0,7971014492753623	0,8026224982746721	0,8095238095238095	0,7908902691511387	0,7308488612836439
43	0,2612359550561798	0,42907303370786515	0,7078651685393258	0,7984550561797753	0,8139044943820225	0,8117977528089888	0,7942415730337079	0,7134831460674157
44	0,26304503216583275	0,4353109363831308	0,7055039313795568	0,8027162258756254	0,8177269478198713	0,8155825589706933	0,7991422444603288	0,7283774124374554
45	0,2590975254730713	0,4395924308588064	0,7125181950509462	0,7983988355167394	0,8173216885007278	0,8209606986899564	0,7998544395924309	0,7307132459970888
46	0,25796886582653816	0,4425500370644922	0,7168272794662713	0,8087472201630838	0,8206078576723499	0,8220904373610082	0,8050407709414381	0,7353595255744997
47	0,263595166163142	0,44561933534743203	0,7197885196374623	0,8089123867069486	0,823262839879154	0,824773413897281	0,8126888217522659	0,7492447129909365
48	0,25327174749807546	0,4403387220939184	0,7305619707467282	0,8052347959969207	0,8244803695150116	0,8183217859892224	0,8075442648190916	0,7513471901462664
49	0,25353218210361067	0,4434850863422292	0,7307692307692307	0,8124018838304553	0,82574568288854	0,8226059654631083	0,8100470957613815	0,7519623233908949
50	0,2546036829463571	0,45236188951160927	0,732586068855084	0,8070456365092074	0,8302642113690952	0,8286629303442754	0,8198558847077662	0,755004003202562
