1	0.04648342764753436
2	0.166598611678236
3	0.32673267326732675
4	0.3709879116298458
5	0.44524010109519796
6	0.4653043848446147
7	0.5129087779690189
8	0.5263157894736842
9	0.5532102022867195
10	0.5847043130280124
11	0.5863309352517986
12	0.5984538426557526
13	0.6062557497700092
14	0.6151698464402048
15	0.634180790960452
16	0.653644592663173
17	0.6677917068466731
18	0.6661786237188873
19	0.6763833992094862
20	0.6913456728364182
21	0.6950354609929078
22	0.7049769112365315
23	0.7188149688149689
24	0.7203791469194313
25	0.7251867662753468
26	0.7431043807463493
27	0.7461622807017544
28	0.7509727626459144
29	0.7435174746335964
30	0.7489994282447112
31	0.7534802784222738
32	0.7557386698057681
33	0.7437275985663082
34	0.7616737416616131
35	0.7653940886699507
36	0.7573483427141964
37	0.752858958068615
38	0.7572627501613944
39	0.760498687664042
40	0.7645096731154103
41	0.762550881953867
42	0.7653554175293306
43	0.7682584269662921
44	0.775553967119371
45	0.7743813682678311
46	0.7746478873239436
47	0.7802114803625377
48	0.7875288683602771
49	0.7794348508634223
