1	0.04648342764753436
2	0.11719069007758269
3	0.1542904290429043
4	0.27969987494789494
5	0.3226621735467565
6	0.3665389527458493
7	0.37521514629948366
8	0.40147890387124835
9	0.4520668425681618
10	0.5108937305469098
11	0.46447841726618705
12	0.4847658026375625
13	0.4954001839926403
14	0.5030246626337832
15	0.5037664783427496
16	0.5197713196760362
17	0.5395371263259402
18	0.5236700829673011
19	0.5335968379446641
20	0.5437718859429714
21	0.563323201621074
22	0.5546434068753207
23	0.5758835758835759
24	0.5513428120063191
25	0.5821771611526148
26	0.5873445105462413
27	0.5904605263157895
28	0.5925514174541412
29	0.6025930101465614
30	0.5986277873070326
31	0.605568445475638
32	0.6056503825779871
33	0.5961768219832736
34	0.5991510006064281
35	0.6022167487684729
36	0.6110068792995622
37	0.5991105463786531
38	0.5939315687540349
39	0.5997375328083989
40	0.637758505670447
41	0.6180461329715061
42	0.6314699792960663
43	0.6292134831460674
44	0.6354538956397426
45	0.6157205240174672
46	0.6434395848776872
47	0.6359516616314199
48	0.6389530408006159
49	0.640502354788069
